version https://git-lfs.github.com/spec/v1
oid sha256:2aae562edacc4874cbfd66738ff71cb9b7771e287b4840803280323b22302343
size 295527650
